1
13
PRSLEV
4
ncep_emc
v2003
local_tab_yes1
fcst
oper
fcst
fcst
hour
nws_ncep
hrrr
complex_packing_spatial_diff
2nd_ord_sptdiff
fltng_pnt
lossless
12
HGT_ON_ISOBARIC_SFC
?
1
tmpl4_0
HGT
?
?
isobaric_sfc
0
?
39
5000. 7500. 10000. 12500. 15000. 17500. 20000. 22500. 25000. 27500. 30000. 32500. 35000. 37500. 40000. 42500. 45000. 47500. 50000. 52500. 55000. 57500. 60000. 62500. 65000. 67500. 70000. 72500. 75000. 77500. 80000. 82500. 85000. 87500. 90000. 92500. 95000. 97500. 101320.
?
0
?
0
?
?
?
?
0
0.0
0
0.0
?
0
0.0
0
0.0
0
0.0
0
0.0
1
-5.0
0
0
0
?
?
?
13
TMP_ON_ISOBARIC_SFC
?
1
tmpl4_0
TMP
?
?
isobaric_sfc
0
?
40
5000. 7500. 10000. 12500. 15000. 17500. 20000. 22500. 25000. 27500. 30000. 32500. 35000. 37500. 40000. 42500. 45000. 47500. 50000. 52500. 55000. 57500. 60000. 62500. 65000. 67500. 70000. 72500. 75000. 77500. 80000. 82500. 85000. 87500. 90000. 92500. 95000. 97500. 100000. 101320.
?
0
?
0
?
?
?
?
0
0.0
0
0.0
?
0
0.0
0
0.0
0
0.0
0
0.0
1
-4.0
0
0
0
?
?
?
17
RH_ON_ISOBARIC_SFC
?
1
tmpl4_0
RH
?
?
isobaric_sfc
0
?
40
5000. 7500. 10000. 12500. 15000. 17500. 20000. 22500. 25000. 27500. 30000. 32500. 35000. 37500. 40000. 42500. 45000. 47500. 50000. 52500. 55000. 57500. 60000. 62500. 65000. 67500. 70000. 72500. 75000. 77500. 80000. 82500. 85000. 87500. 90000. 92500. 95000. 97500. 100000. 101320.
?
0
?
0
?
?
?
?
0
0.0
0
0.0
?
0
0.0
0
0.0
0
0.0
0
0.0
1
-3.0
0
0
0
?
?
?
15
DPT_ON_ISOBARIC_SFC
?
1
tmpl4_0
DPT
?
?
isobaric_sfc
0
?
40
5000. 7500. 10000. 12500. 15000. 17500. 20000. 22500. 25000. 27500. 30000. 32500. 35000. 37500. 40000. 42500. 45000. 47500. 50000. 52500. 55000. 57500. 60000. 62500. 65000. 67500. 70000. 72500. 75000. 77500. 80000. 82500. 85000. 87500. 90000. 92500. 95000. 97500. 100000. 101320.
?
0
?
0
?
?
?
?
0
0.0
0
0.0
?
0
0.0
0
0.0
0
0.0
0
0.0
1
-4.0
0
0
0
?
?
?
16
SPFH_ON_ISOBARIC_SFC
?
1
tmpl4_0
SPFH
?
?
isobaric_sfc
0
?
40
5000. 7500. 10000. 12500. 15000. 17500. 20000. 22500. 25000. 27500. 30000. 32500. 35000. 37500. 40000. 42500. 45000. 47500. 50000. 52500. 55000. 57500. 60000. 62500. 65000. 67500. 70000. 72500. 75000. 77500. 80000. 82500. 85000. 87500. 90000. 92500. 95000. 97500. 100000. 101320.
?
0
?
0
?
?
?
?
0
0.0
0
0.0
?
0
0.0
0
0.0
0
0.0
0
0.0
1
4.0
0
0
0
?
?
?
20
VVEL_ON_ISOBARIC_SFC
?
1
tmpl4_0
VVEL
?
?
isobaric_sfc
0
?
40
5000. 7500. 10000. 12500. 15000. 17500. 20000. 22500. 25000. 27500. 30000. 32500. 35000. 37500. 40000. 42500. 45000. 47500. 50000. 52500. 55000. 57500. 60000. 62500. 65000. 67500. 70000. 72500. 75000. 77500. 80000. 82500. 85000. 87500. 90000. 92500. 95000. 97500. 100000. 101320.
?
0
?
0
?
?
?
?
0
0.0
0
0.0
?
0
0.0
0
0.0
0
0.0
0
0.0
1
-5.0
0
0
0
?
?
?
18
UGRD_ON_ISOBARIC_SFC
?
1
tmpl4_0
UGRD
?
?
isobaric_sfc
0
?
40
5000. 7500. 10000. 12500. 15000. 17500. 20000. 22500. 25000. 27500. 30000. 32500. 35000. 37500. 40000. 42500. 45000. 47500. 50000. 52500. 55000. 57500. 60000. 62500. 65000. 67500. 70000. 72500. 75000. 77500. 80000. 82500. 85000. 87500. 90000. 92500. 95000. 97500. 100000. 101320.
?
0
?
0
?
?
?
?
0
0.0
0
0.0
?
0
0.0
0
0.0
0
0.0
0
0.0
1
-4.0
0
0
0
?
?
?
19
VGRD_ON_ISOBARIC_SFC
?
1
tmpl4_0
VGRD
?
?
isobaric_sfc
0
?
40
5000. 7500. 10000. 12500. 15000. 17500. 20000. 22500. 25000. 27500. 30000. 32500. 35000. 37500. 40000. 42500. 45000. 47500. 50000. 52500. 55000. 57500. 60000. 62500. 65000. 67500. 70000. 72500. 75000. 77500. 80000. 82500. 85000. 87500. 90000. 92500. 95000. 97500. 100000. 101320.
?
0
?
0
?
?
?
?
0
0.0
0
0.0
?
0
0.0
0
0.0
0
0.0
0
0.0
1
-4.0
0
0
0
?
?
?
445
MAPS_PRMSL_ON_MEAN_SEA_LVL
?
1
tmpl4_0
MSLMA
NCEP
?
mean_sea_lvl
0
?
0
?
?
0
?
0
?
?
?
?
0
0.0
0
0.0
?
0
0.0
0
0.0
0
0.0
0
0.0
1
-0.1
0
0
0
?
?
?
24
PRES_ON_SURFACE
?
1
tmpl4_0
PRES
?
?
surface
0
?
0
?
?
0
?
0
?
?
?
?
0
0.0
0
0.0
?
0
0.0
0
0.0
0
0.0
0
0.0
1
4.0
0
0
0
?
?
?
106
TMP_ON_SPEC_HGT_LVL_ABOVE_GRND_2m
?
1
tmpl4_0
TMP
?
?
spec_hgt_lvl_above_grnd
0
?
1
2.
?
0
?
0
?
?
?
?
0
0.0
0
0.0
?
0
0.0
0
0.0
0
0.0
0
0.0
1
-4.0
0
0
0
?
?
?
64
UGRD_ON_SPEC_HGT_LVL_ABOVE_GRND_10m
?
1
tmpl4_0
UGRD
?
?
spec_hgt_lvl_above_grnd
0
?
1
10.
?
0
?
0
?
?
?
?
0
0.0
0
0.0
?
0
0.0
0
0.0
0
0.0
0
0.0
1
-4.0
0
0
0
?
?
?
65
VGRD_ON_SPEC_HGT_LVL_ABOVE_GRND_10m
?
1
tmpl4_0
VGRD
?
?
spec_hgt_lvl_above_grnd
0
?
1
10.
?
0
?
0
?
?
?
?
0
0.0
0
0.0
?
0
0.0
0
0.0
0
0.0
0
0.0
1
-4.0
0
0
0
?
?
?
