0.00
19.00
46.00
85.26
142.16
211.15
285.45
367.25
457.76
557.19
665.72
783.56
910.92
1048.00
1194.99
1352.10
1519.53
1697.48
1886.15
2085.75
2296.47
2518.52
2752.09
2997.40
3254.63
3524.00
3805.70
4099.94
4406.91
4726.81
5059.86
5406.25
5766.18
6139.85
6527.47
6929.23
7345.34
7776.00
8221.41
8681.77
9157.28
9648.15
10154.57
10676.75
11214.89
11769.18
12339.84
12927.06
13531.05
14152.00
14790.11
15445.60
16118.66
16809.48
17518.28
18245.25
18990.59
19754.52
20537.22
21338.90
22159.76
23000.00
23850.00
24700.00
25550.00
26400.00
27249.99
28099.99
28950.00
29800.00
30649.99
31500.00
32350.00
33200.00
34050.00
34900.00
35750.00
36599.99
37449.99
38300.00
